100
93.9640589380577 41.3019723316912
26.721851276487353 24.364200247074308
1.218990035692591 60.84146858078289
35.51560779933658 8.253200848754183
0.8866342780677106 52.34035345335655
4.50800613903043 78.8924504415819
82.53365932195177 96.38856704061163
46.725862591556 87.67590695276932
0.6228798983600625 38.010922484412454
96.2820547274267 5.944223267630145
54.083284084911135 9.55810403959515
31.640296336848238 94.3433820708215
45.83012322842348 20.471699943265232
18.162528124278708 60.38457602163205
98.58085888243288 75.54739543344482
98.28672194993334 51.034539149932016
26.84796726672395 4.511904595061478
32.780518924259106 62.419478753164285
16.64973835069774 60.04556859907557
49.73880251723749 87.10461613726011
44.26536062629112 68.82401585793968
89.34095615048335 60.91531299070394
73.27073012736598 0.7186356795728877
41.8561764569578 15.894611513498734
5.126610954712785 54.98703401608418
63.98296796312813 93.74593988624409
22.75090315116618 49.101080619690784
24.331449411745865 24.988660223475414
58.791913765386724 35.80152000875165
72.70492999478013 33.05800569529607
40.72975881188984 67.03453971214113
49.80970975434611 79.70990858319628
13.468058496375225 69.61710273521409
54.11984222301245 28.345063474349107
16.7383815048602 96.7942511148958
60.846172804989386 65.24554993311288
99.42492481190514 72.29300509740784
44.30665084112473 85.22117220677295
85.82717806589194 49.043852314703976
89.46758754407821 17.791636986320103
69.91339147478185 63.43228491587121
91.02314090120898 42.78457533603376
2.777872559700456 77.75918982117497
29.103023584951025 20.108291663271814
55.80029390155931 68.53035609686358
79.54602885646413 37.46209980064123
87.41532044923557 36.26173124250016
63.64967442543601 61.87593506724508
14.936040062747935 83.67846606968081
67.40388003186337 66.22488574533604
94.53483916627877 33.50224030187381
63.439289527575504 90.24318297905523
42.2705200948444 34.46270157758228
50.268463013761696 87.06607980729709
86.96060346455992 34.73530122039615
82.87086751894118 0.9569945075242337
31.732928972219632 85.69920554686706
6.2701905744639514 19.631123758560797
15.250804810906205 75.72535675080888
19.475238711140406 45.46574833146874
5.891138350707504 83.64617935268888
91.00324496623746 33.89124830663267
32.5651328814343 84.6248380922076
19.177152092598394 54.38582150372324
54.40622873529153 37.333321168650336
80.48603198538315 39.75080010919282
98.21026575231176 30.665080027345994
37.520497226390845 2.7223221561650246
47.29780988809355 70.64933208823707
84.34258473764928 15.479057253417173
48.37893504773676 43.80055704436655
91.6222903663149 67.2346129160751
14.035756275281086 1.8280892961260453
76.47053244833711 37.85709047530077
37.59824294890778 74.44715837148874
62.621041065869875 51.33721900333125
4.474001115316273 31.97413213353173
15.4612694044859 1.9303827389751227
79.40281744319981 87.45505184259257
33.38512933839347 77.92676601440624
72.64197037862172 49.26808343242441
52.03795501870576 43.25774731507077
39.74844918970605 9.456792682409487
71.24681932878019 75.52556892981531
49.40933084846658 80.49262290551981
45.77693912385258 0.5472398417816993
61.68184033878722 73.73133516267725
90.52753582973696 8.132501704766671
95.03963135797385 46.519635711932395
38.37828744653887 81.5696365451793
24.782075154174688 31.724489224087506
54.62000799631894 24.171751843324042
47.648506097645985 3.3991880031205457
55.7509827422235 20.240136104471375
67.88943904997939 25.36652993427263
2.3929535303586102 24.93012433356364
8.582039224877247 75.6909130809386
36.17845940353854 37.75889980706347
28.637221968184456 39.32755030543478
8.683868200453592 77.87346879665402