1000
27.277201076148614 92.3312223596886
5.177208846022996 87.8589817186369
33.370198648222015 22.522004192154633
82.70059595889204 67.41905872733693
61.30876984874723 74.28928236329992
7.495852899183841 92.10257103130242
45.887732122882866 35.27765274249981
65.72311654370223 22.00489357734029
12.68993190530443 78.17466352400255
53.88645142166645 28.123431789352416
96.47396853413876 32.750454890532446
83.26402691309804 67.53147195257081
98.25524124068464 75.6289973320777
38.97553836227093 66.8002777618666
23.930084378702144 32.32518245444418
27.60104868703538 94.97129826303016
73.95283863507235 35.39850273788346
75.48810158766645 20.75926922042387
8.360914689290066 85.01543786423595
46.23159943200393 65.17090288392461
94.35307078931945 13.779028368070678
30.283594510642008 80.35279255434135
54.661221653839476 66.37562490590976
22.247804166213992 8.235986069993452
74.1163271417439 66.40508382899803
42.136331284631446 98.4236745787675
89.09401298849977 57.702203395566045
75.71368622836945 93.77231212732518
79.93573886012526 75.52349793213617
6.025906053571428 24.245379684055113
9.976519726683964 24.164899332073063
83.31020277226592 84.87292080380259
6.470331230991455 11.892321187153154
33.703227944847946 12.028897789792802
58.489459850266144 21.508454532652877
38.51370409524696 13.742306678349813
14.784313428019791 75.44558432043854
25.29782645049319 54.386883917907646
0.6252249923547004 87.96556420325034
99.57348578804802 41.848189389477334
36.80807378484633 83.86457412318401
11.732043471304133 16.145699978747352
36.29060695197441 3.021622955874581
97.55402259981597 92.49149195568484
74.33654294742314 3.196201878932914
52.70773165131608 68.89599185518603
76.57969454456428 19.671895687282902
1.707532889265706 68.68516120408904
46.080514637901345 39.65913834070396
0.031076022360665423 51.672412890584894
55.23254933298537 1.8117569279962553
64.4424886327943 94.23244830489462
61.286594600817935 36.77830168347178
61.04120403468277 8.153112709549081
65.29530640916504 23.400597939681134
93.15369974394639 40.89527523243631
23.441368208622425 46.98835228554237
21.908149584340187 75.76964345550479
36.997316966710315 11.040051875409329
21.17958543987699 29.543323776862152
92.57541035866353 71.84679790094145
15.565848779347291 27.117876297006106
97.86095573781702 36.607140006120694
75.15228599612158 18.174448340269766
59.68279444883942 89.99734295978602
44.04575466197025 89.06057805162145
81.05970630951711 91.58298560251038
61.00620452851962 14.69706329746887
11.771687556186484 17.024119086369993
89.97672255210314 89.91226685634113
73.0401973114807 99.7177036910716
15.91062692819506 77.36511286070443
91.06168040997176 66.33738661350841
77.01678079628039 10.09694234411771
16.423728729667552 49.67209762729661
98.39204758640105 90.75625560206217
76.84348026175722 5.23138367094872
63.982394628829766 36.669380035995935
9.20301125693438 54.27678188063755
13.911805076706795 30.183882748761746
43.51656234487869 25.254898470289923
82.44089380907548 47.09054592036722
66.2496765613441 68.04937613033302
98.16466809732074 52.43360464023334
73.32044304353657 71.03521081683807
52.531629272786404 72.64780230235375
34.148192721374606 19.610369950134633
5.36399744771201 75.71482520724138
27.27516971888283 96.69604776123845
36.781537657417694 16.910497402702028
75.3718432916109 40.638289024936036
73.77910720598864 36.718029176195955
2.846674666082627 44.01013162102907
16.68070054602423 29.611607554017027
62.81635432922843 98.00481060611254
65.79043523497539 37.66839366327724
31.852594855257077 61.426995832336736
1.7835512123624553 61.34600435714883
50.70682709979336 60.73041966049683
4.728182691294636 21.26639132982293
97.1242071654599 8.11665356738268
6.101322417581367 49.47600297957611
12.893573458674334 58.401248204392466
55.75999913778037 36.40594535459759
71.44008448988488 12.169765520754561
51.55141113781907 10.634824308301184
64.55249747048886 12.68773919644044
23.09339006986416 82.56083543189084
7.247108265353686 77.09493277830532
83.2292098146802 40.21856678939798
8.305649320142738 48.605711170573464
60.75843016178582 45.72990834554046
30.68446143073228 55.75372019344231
6.26811651575554 44.25733333271492
70.77756006015713 17.160507451182372
19.236431476119154 63.831770721143876
18.426217250757972 35.87407269251206
79.05326391140429 54.05613966125421
20.602995913828515 86.01481730760058
75.20017899973007 84.43956891555999
60.85816812649318 6.282688955850924
22.554674239553997 98.99621446600099
83.90176079548387 79.82078956009548
16.631367103438134 2.7464673357974534
40.10449716290064 97.99705885463236
30.545379419680586 37.88732445124633
98.23615074964755 76.85711167614984
80.58085897425345 92.6524860257463
76.41993437958202 19.317697052584727
90.47022466359414 74.26177113902216
71.06671355729802 93.61160259859034
65.83739293170551 68.86327826546794
21.463014491277754 29.061300759393838
49.73088207820607 6.000620247060828
33.721911995624644 13.950025871958815
67.77035395184528 42.891518707255685
1.9660684584156707 17.075337967832215
87.15279335296148 84.6828827795288
6.8973447445205505 44.51168248455435
7.6122499566565915 60.851485028354816
42.317556048550905 86.17481874834529
74.39958814367961 85.04817213710223
18.700107780002874 2.972453484696791
53.44651193751611 35.93749393879945
19.572387255204138 54.64175518807824
37.10065775740941 9.963557130692369
41.25397334459585 70.81588382613651
55.16624182421861 13.476782719894242
29.405846520463374 23.428036471041793
50.45748066893291 81.28515234172346
36.880970079926335 67.25296483517394
40.669513012103984 31.447491916391346
66.52674302094015 77.20226268436177
29.09433998544616 92.00513516589089
29.875006393838433 25.931201539007056
45.556900357924604 64.35236047445856
48.06541511954845 13.381216908652704
95.91903609557329 20.074770471379445
44.883164605702234 81.07363640397388
73.59680953926076 63.33875393076024
33.452208517407115 18.286579527163404
39.75924579511404 29.294098680856486
77.91027143437849 94.6884090176854
10.224256511091001 30.45564961073366
19.302071854553105 34.5675024719157
96.54014230155136 7.658894285252316
90.96241335070742 81.48951059772878
36.33873028425967 89.93822253818269
12.820863216734468 89.02969577025806
13.768889451758358 18.555518561145856
46.344959890674296 13.169337447852635
14.666742820791024 44.41064334828416
12.249020982725023 75.01160462197835
83.09166398300829 65.19431298784488
21.63077164675824 8.663680637630334
45.95469852573426 28.89770135874834
47.85820960576497 8.448364388126128
50.688784173998236 93.67212062813425
71.31420297227517 42.04976571226773
17.257726618565627 0.5358991089578047
62.01657513711816 1.7640960754694013
40.27363078348651 85.05460953592961
26.166502355473 24.717990884422324
89.59006490540673 26.874638227348612
31.838223320524108 24.733214051517084
48.46092887749984 11.86897725917111
46.30827488742854 43.45794398708767
97.20265984176898 60.6581123894777
62.93253941931639 46.45134210164482
97.27004593532983 59.39767846369817
69.01459413428503 61.09938165713861
55.7535751323732 13.97853989302721
7.769016994224032 77.55648050599096
53.52893070462918 37.163824036839586
17.268418152124788 11.348735382372045
1.6368581115355885 69.69135831771244
87.1731648747371 56.84104632469255
49.9443116879825 30.998836326989064
60.07790515065474 44.461833097045236
9.735465836423474 92.98300858093762
18.46914389583423 51.395388590934665
67.6037611048103 71.08300664272645
40.57329024952172 5.393391272991455
61.863903861962456 30.98193011210816
78.78477193335281 64.4234430686926
64.67530356068409 16.3495940569932
12.89891361802905 51.06396246602485
63.16617441429211 13.303398181733694
57.03449889090931 69.87112305923375
61.07011789844062 80.64304532971497
53.91604281561957 38.38494020337201
28.734678735912823 91.41881691259225
73.0959775056637 18.00807738564575
13.83404201055355 51.02202491326979
40.73211464162561 39.68222496051349
87.71568447552455 79.7401072047283
67.69588005460922 81.10345152753519
43.03342536186011 73.59782069809161
10.07201770496733 67.15921793322426
77.16700811110607 86.30980533672916
91.52055330106886 33.33624801743469
92.9010114349531 7.298780935195115
40.50703282666116 13.039742627905682
22.93348975162297 45.98748688813665
47.067152077324906 84.08096304925566
38.007455197038695 70.9514038722659
23.557075582619692 37.03150658675991
29.805946813758098 94.02318911490916
61.75089674218517 8.709054432131369
69.22408702005423 34.068709463069965
14.681851394082212 57.75076958106653
28.229180193761994 42.90837564227502
95.78403306959343 46.04693646643918
19.242579561853102 26.736491590026635
80.17654437635741 29.748803021963976
49.82468292297243 50.3951411938086
13.342156943422967 56.63106954133369
12.417101473102576 68.98811815765994
80.98768686106227 12.780774884499301
28.993668885526013 91.5742590806568
70.53352190263779 60.900816933779566
48.69463455426906 45.05847079125017
59.464798765042204 64.95771716498035
52.86605743070771 72.90266560667669
98.68694646341906 1.4696477842867872
56.39902258111755 72.90765350043947
20.0634668179563 16.42214385722661
6.86102028259069 51.07106085439246
86.47394149761529 98.61534755346622
73.63442618792575 44.405117921467465
20.015449096422333 5.18799807443674
88.12472881458604 44.60220287119695
89.38070961184266 93.12984697210489
43.07376916317461 36.56480097017859
10.981447309557325 81.78551939906875
84.11092671800667 51.0705516239061
20.04560327898134 95.66929279091762
29.897842351277404 19.221912833721944
97.70217922246601 14.351669109257381
38.56994303546492 7.83386283789127
97.97770037191668 86.74498549877768
97.65064231947044 9.542016581626978
4.663351194203602 50.80675130282285
52.21179070477577 59.16738734383993
62.17210247772286 36.49581253098955
1.7766102383691695 48.752979954705545
66.79019227402947 19.757808707808422
90.30894248738551 17.691261892266496
75.13758856510547 38.3828118221611
85.60538166292591 1.4904845708888503
85.18712971591066 76.76948707995548
94.50444805344885 32.981762705043
71.85224353940384 75.94644877669684
88.54966125328637 3.1476574602307017
13.938283001311014 27.642932819950673
21.09098931298132 5.256999528432649
32.16269351291159 66.76731080186879
1.2818591993137063 5.619498992314675
68.98434654447006 85.3433782227764
53.02650423759678 7.0277073007929625
80.14257254022269 52.770739146551904
27.65512797519296 96.83269222486426
75.09154040538156 42.21703189112158
57.952020220682556 0.6037571578570988
38.92583551002606 31.016131247844715
38.134381798646366 94.4514580510387
91.92819843961803 64.13790711850017
89.47729965337398 64.34699098963763
94.53055609915893 44.111453445229685
24.50297392901738 39.15004638962017
85.26467246515281 38.22520055862794
53.99993056854194 65.56102734889363
47.1888237352843 74.39363691479134
90.61062386450845 37.84250469877504
34.312141991893654 30.771853241646973
90.32350302811643 42.90865857142446
53.69837176848006 11.01546448342987
38.9282315748697 32.26035652590426
91.2159581751896 37.024920409851646
34.34046759811466 86.2474533805186
89.3115575036274 84.0795801973951
37.67519541673917 93.26878294549181
33.71916890849561 29.45837254775048
66.04532478233548 26.774198991923914
82.67732405871219 84.96023452048497
78.28487757345451 66.31198802624024
77.01182018884384 36.178950353827474
61.14376336577245 75.36881114777081
2.3517579954043577 16.953408212104126
57.973818020317445 18.378303181440835
35.78168588571262 6.105704224476116
94.52336301109442 72.02832001878272
98.39289131348033 45.39592403523676
47.180332661492386 61.875728680203046
52.48202626234869 42.56384323264369
67.85149768569755 34.28159542093405
27.55533269818935 41.39418412912267
26.638137617713575 55.80846493831674
32.83202365484286 11.933504055091426
58.56606494843258 17.475370857116236
15.600398218812373 38.30313996151647
3.8505824118599374 9.645117710268403
54.565511304234406 58.99409686830478
12.524656066827244 24.822263357584617
35.23734350384981 45.09614685142229
43.73116457895277 40.26917077937825
40.443589357705925 85.60480662946286
27.577812110475453 30.101367256198387
3.211304261151704 85.76629582108049
73.17591962350599 57.40236928938619
11.546832696052755 74.36192687906879
0.33195044403268037 0.9020629968718441
25.053622419290665 58.899879983505286
44.333322342939155 77.89159762869882
61.86261233285728 63.873605226708065
33.36764923379852 35.301661575558455
41.010120800065586 36.56259641998858
66.33732100713146 94.24995387021194
20.18324472830685 7.292654559737056
25.1788423538292 49.86751900666363
51.66300136326228 46.63911914718481
40.26913817765265 47.84255922937939
90.33054068197558 70.74805309479396
90.09861752096771 81.87422726310443
26.761963461171845 7.766662754643949
57.11344699076171 82.10779187745537
85.72239587687692 53.315731432579994
80.47719016130165 93.62652874489913
25.780170205335008 11.003174547581674
43.47455892288386 76.20452902112291
99.29705508881042 35.16931071399655
8.377716780172273 91.77856445079532
83.71071228213557 67.3707606196502
64.81825495945657 84.4760575281714
74.81065413534813 85.55138482267948
89.05553747458026 99.54008279125162
40.61915187116959 65.41498741578967
21.004870108822626 32.12124967642246
70.52369914563239 87.20599359568088
53.48650763482116 44.660240823965644
18.467813139348653 7.920670915446049
93.8792564765388 42.46363524830329
31.29206114829869 58.91288967309456
2.210009219254361 51.07961516450824
73.72741612076717 21.924798721525228
31.68326985950688 96.20900752645953
10.078153754333464 82.76425712424607
97.75231282490937 47.14105360819894
79.29169139802767 61.167178558918366
80.05638048837955 48.082178766587866
4.897900989445192 67.82445989432777
17.895845920104282 28.249980990492052
14.210604432550522 45.11946368337439
94.39004617212538 51.23350258631272
2.219111643752525 6.813504286132089
17.060070499276904 36.87481192869219
64.75779790229784 3.733180742051112
93.30147604035372 64.80580790355145
42.82690519132868 7.454773404195181
68.05954564277116 47.77805044465593
65.34789207030882 22.04736364786324
37.99238960967093 45.0523506873218
51.17179894188347 5.127722991411243
81.50479554033434 71.36875071798215
32.81927612939219 3.796436145294213
47.2584314071654 45.39642144891302
94.21608136055455 88.46611521188096
25.11165606367388 13.066930145218814
72.5979701966704 98.15896972658985
82.91482576072508 75.8232214418975
60.79411027535346 94.5424403219769
90.18466754770685 51.57056648627879
60.258260193720524 58.78792455827189
65.40392677387868 96.99464475384589
77.50215122248335 55.27914674181523
77.54017270974778 23.91582019248326
26.995642817697195 29.263015723108822
4.350275662012503 49.477587453861126
2.1333715522742436 1.7273019019682923
0.13474771597076218 30.221078679695935
2.527789544705261 74.10582957381736
53.828795880737815 43.47639639187886
60.673640563681374 57.85330512266523
24.6645634845726 96.00548077730204
93.93907059609738 99.49829450567101
27.11173896831912 59.460107871113536
18.87372819329253 80.47428756630246
99.40132535154056 54.97251290108921
3.984353024371079 32.84516447190157
30.660033139621778 35.075073143378546
4.413565192777169 26.98281977545308
40.530424696296194 40.14933145549363
17.36761757463061 55.32109496215426
2.1246095555283784 38.73362616406625
20.674153595432887 57.5015417206293
74.25687838248737 96.27241567925569
8.511066009978608 6.543001805378812
62.12340673405603 55.26937789052903
18.132770289194156 3.108361947019189
56.94476039171531 51.31018085303254
49.33033880766713 5.508246009572204
14.559598969859932 34.049811187098825
14.397094965068668 56.7728280784647
20.555662017391807 10.01318961062453
20.5314500943218 56.93934617562639
55.24671868097467 74.93675540507994
78.89386875052108 68.644310052496
15.65188425145535 57.382566685446776
54.94508282386844 37.17579373519329
73.6063057212717 52.48540203496531
23.22772895287256 52.332615481024234
49.22992927852159 84.94725259872892
66.4138622423468 78.75361667046565
57.20366491557537 3.7724621058950913
63.22582398706202 33.821650943359735
39.64995224188781 77.74073216845453
42.74822754644105 97.81330794397977
33.887398383528634 30.244096182227043
43.68385465789516 99.65678511400264
35.92677372357913 24.867829387097864
6.266538406363164 33.47676206116412
11.298330416995716 88.97425563019861
41.8291451260694 26.04649549437633
73.64810441710166 41.552232114317555
70.43503104451202 93.33380544635958
98.51342069657711 73.72404439786676
90.5163994138555 95.51896582682164
64.78558616038048 15.555352288768065
46.12325681525451 24.179002052996424
19.590327570449883 11.192718374621391
87.17171772245965 32.774227135893085
43.664261319470356 15.857144126995305
75.99061872230962 52.13930126220207
53.77822984709554 22.850987452812955
79.50056343467561 16.372489358707444
16.356152921613752 26.489510600493038
0.5196380740231654 61.33319384430575
62.16052635681913 27.747191909248535
43.97524389897972 47.89927066548905
85.76350568841468 93.4129258742931
84.21158235923374 5.2019869959394
85.49505377111825 86.67701599392285
98.11757575211098 85.24797217712035
49.657372602877246 97.32689878275943
55.46006046698574 69.65381728854335
23.01743373916714 13.107351321931592
12.592329913785271 71.66048804450654
93.93713217880645 90.3048878896238
38.61822303831195 32.16103414765964
26.97318014471962 1.2449364480887293
14.12709497308956 17.166526163710937
28.37659200905537 59.14431481461671
81.77520313060629 85.95158685492487
72.64419318891552 46.640391925717715
95.27418017723728 14.062203414638219
37.12228238756817 3.3222871187895797
8.75739549473219 23.435015654648762
88.63525843630698 59.718288405009154
72.03020046752087 93.06859442251212
41.209575465135295 40.44766029454632
48.87021933114134 98.00369858334187
57.186196156041106 97.62385291631162
55.32892230483327 51.810837218001915
95.36223894921659 77.1000568580028
22.8959933725294 8.349961309601028
19.27524258767037 64.77696653996748
27.423055197903924 12.25840252461271
66.34109035512928 7.9464847556796165
88.86352718110977 74.439687446613
44.27934348125583 57.5240519025381
39.170557990866286 88.76719039889647
65.10731537041508 31.026152966578625
76.10506421355471 99.28303736974286
48.956943776408956 53.27848209434619
69.2411425881279 73.36404530587976
30.066131985902224 92.09414215786828
61.116227480342374 35.64292268722252
75.51890981151158 69.5401593670698
11.258537467637952 69.91433174858102
83.65639152242508 95.91452454993784
63.734529591811615 1.821842161231535
63.553220826882 43.18483783684535
79.89417950441995 33.81319357151059
9.551757228524139 47.39357967317446
67.15214942666894 15.667715051514685
75.56903709586219 5.413885490271597
51.927961275515585 98.84111745034184
22.73907020454009 10.4437158184426
90.27854094053953 40.93933481516417
60.92578368276872 52.755036621972394
83.29161072606642 97.82443039316944
29.73955003394746 97.46874311856169
65.96852345118516 65.17206199837531
67.91286386720473 39.504806904310094
68.11040114819471 8.741343569904924
1.2384421125158696 27.3610909264262
3.631474797334777 53.18439042967435
38.74563452815276 42.00320342923596
30.75874972595877 82.91420284260515
4.3887195680670565 14.901626602934648
39.73726553187983 45.36600778560159
47.243270193333146 70.1312968696832
66.94536161985089 36.92850988451065
67.05450615065406 79.45268104635909
4.734524998999912 94.88797197236165
63.954124950447756 26.42235292054004
74.84354862462875 14.919412258550224
71.25980637924715 85.83491646963772
59.896905023118826 62.97563706041072
58.494245002825984 38.17709538201477
42.28233988587134 52.86621814745013
98.10818622795281 55.27865293309285
82.612938764779 16.384937549505672
73.86463287045402 12.973758557353253
81.01398465178588 1.5356169698688693
71.43903012592779 9.340288393999241
3.635125453605925 96.22268481775276
32.51289143198818 92.96351250359164
24.073533836056328 89.71419212207644
72.48598849674987 34.674420584865985
24.803876551411253 52.25146143538066
58.90488680669487 8.341959785497878
27.246060880182952 34.37087057175398
22.803254277394768 81.55231665772801
70.76193095880672 61.819779862762594
28.372041135582048 55.3872328821467
40.65717367337446 29.389926090813255
57.72528040740645 34.01734859206533
53.17488897448034 77.55808748812228
76.99988904525856 49.45540058203625
41.502460719886955 69.51516967794097
37.625573003119705 14.568008266149091
50.97344952370726 72.98130017066737
32.323506618612164 28.32376094496495
43.93145700170409 91.1459447028254
69.24018636362594 11.259126894955573
35.133026442279025 80.13840973674027
49.59547571310673 6.272668816874038
27.10179731336829 36.62554914689946
34.32153291665691 40.11196414345307
91.50633354782977 38.44987814211065
63.39195147259629 4.296495592441807
47.419137301451144 73.66271513854468
47.88813350601948 80.72371934777095
20.224565855969413 98.87336896340577
89.32251151967552 6.834389328202728
25.978510730531024 26.52678231369342
93.33596657729757 47.967168151017034
15.182825532789012 52.53849838442244
35.609385221845024 20.411414274525974
27.222715874152936 0.6571572018126415
6.6769842939839785 87.67097922142666
52.12537598272282 77.99118241734904
9.301687129272429 34.58072675335557
69.83337347560655 7.327718265006455
7.1704682968613875 9.171397223274324
38.846410661293206 26.18824836853808
26.890289485272632 10.557392527078935
35.870272273797255 20.006781887020697
96.61282964663995 92.6258653346826
6.021887974226536 87.38289399438034
64.08895716223026 47.934503330483736
69.17463336317536 19.05323604076441
74.55147574378098 33.97925485630775
42.18812108764032 9.041672042675907
4.547361297635987 4.872149282396421
79.05191310828866 6.389484498279662
41.688383783242855 15.473290851256138
1.382709028518403 58.933556057904845
72.2616061588309 72.14996966901329
90.24977364674902 96.79183140857467
88.7389893819755 14.589831674456022
36.963447981284645 52.53177334143151
57.447892216652996 26.47381124836915
5.24684293635268 17.438912599406365
93.01201876102873 89.3185980373612
40.12085311811734 88.86901831451581
70.64492834989603 13.427180060109677
69.86789710543508 72.35881907464689
69.97591111806187 2.639999780456481
86.59989038073763 63.98661967139856
84.81075117850413 35.45810455192163
58.241072906096825 53.41550937756537
52.07741412357824 74.11366121484797
20.146591019623717 56.11837068282362
50.179529429683136 45.291993933832806
18.112752715136338 4.475174918110825
92.07801929323938 71.46331183185933
26.195119251119458 1.7495789009289053
91.64402251072302 70.1611758819031
42.53573956808052 70.39314524877287
13.173835815802304 80.0486037538401
74.31094721193806 6.691987256398358
23.42927938835142 17.241701227809102
58.9463505150461 87.46198472111895
53.16454351200217 13.114548802139204
32.905773881696575 61.31519506943835
40.82324471323783 35.68803344567597
51.64605248934516 96.96139358461711
74.93703915014288 50.709149221436846
84.7397847835112 54.07519892797452
73.7298545641786 35.656288803755565
58.70324886100019 88.45053441246232
40.52939667715075 20.159872468078387
96.72688540799899 2.480669288645365
11.810280554943752 89.70661146469182
9.29087886404314 4.4434259732795915
71.04079656904678 55.99959402049342
22.558553599489883 45.6376043606721
35.977930755347344 66.97531736447556
92.4754224235444 63.1080112773194
39.653002391283195 2.23261615103445
41.66191181229782 67.51297340289109
16.012823701213343 75.50746342446175
73.47293904363373 80.6295322302631
70.02905392900317 44.831411204234016
63.007644359287426 45.05798726873791
59.06099237357277 13.140417066964783
98.38778618158128 99.87884221017012
37.35477062388849 87.35469210540855
47.28341345970749 40.331597153598494
18.78450834473154 52.32908631409477
53.44962416251665 57.02626590388512
94.28870860062192 7.5774638600140225
25.948359720450053 80.76487800576798
99.9277673253258 9.303427908659923
69.76432996305485 42.74164889430714
69.08618513619693 58.023634180765846
20.684344582996918 96.70690277083885
18.065665798081344 72.94885275860494
89.59446193613543 39.621216020594254
8.163007149578672 98.29186606019232
91.75953452631572 10.392722952566192
99.29928240524565 93.80015135921671
35.18488215912454 42.48183704427997
60.364515329774825 72.06524968057603
68.8199733820961 95.47411753938566
29.664691540234912 58.53958308148325
46.149177732428356 93.16339538435507
25.205579734762185 66.69544593157212
42.624755218575274 51.253686291555034
89.02054888749666 0.3897288840372215
76.4324929260736 86.47979065400769
12.347165184850173 18.251913945186548
21.24042552289225 60.76295316338537
29.180045813750088 20.791743141431585
66.86640083551703 28.95927746759798
84.57509408728832 49.9268518216035
79.21022835362602 26.825083422680496
81.05288055024322 22.759645124371787
34.33145103105524 57.01472265956612
81.5466302311054 56.686478601764264
53.21385029025717 5.2428407537740025
0.5628706363370206 81.30124782669093
43.54299131471646 46.184423034147294
46.57052385497443 74.05927250408352
62.73324830382766 79.25242292401121
88.10681656609499 1.2963639296345253
52.475924655921546 68.08411421636623
3.6860960785493946 93.9518046570765
59.24021908106061 44.38378814396201
41.32024632359447 38.22291863573765
47.44398675380875 76.71076280429489
57.307064839886834 15.382782600224566
32.4213155526667 97.86809505499292
25.91568427625083 82.1215786154807
8.849213493148344 30.738816351471577
11.695649451205004 43.025928628749874
26.955743571182634 51.732888591051896
74.35904654472284 30.189540955109674
73.61717703621896 83.44948922336167
32.532656660651824 71.4523229008458
48.361863115520045 13.725662843932707
47.14979216258698 98.39409060374925
85.33365013181694 96.93374470065534
97.84911885994686 17.962844578672055
61.427915791699306 5.206410082072843
16.470459711497256 47.4965605224396
48.09830942126732 62.20957447008219
10.58513889679471 91.90129696323642
9.74260971246913 10.149792267557922
56.97122545054106 23.877320169560733
25.111103794994882 31.894217249086754
70.04154714966408 13.338914714522698
9.841181290112356 74.39755539725759
53.45508505835912 40.55240342847548
48.00690975539476 97.07192290045113
24.490021598539215 19.020790688212863
98.4825508690355 99.30181183689507
60.229294261682064 48.77242917900298
27.954115485780417 64.99791197884736
52.20726835359959 18.46491675507306
36.57322973040375 98.89981618938145
71.88870101623236 75.5944099723346
84.53272950411638 19.27913184999951
43.1989007094476 88.1044260532412
98.25355441722535 14.760872532204294
90.29658290696008 27.8170833845528
33.40766975741659 69.17244963868319
78.87864026387192 16.363684100828113
98.66192006825051 7.645962057356526
97.52862317861948 87.67040844702228
98.81283127068998 19.64089730234557
31.968475933592277 37.55882888505696
38.892599884959736 70.12076545644001
69.54564278894522 50.64982373085325
41.861578520559426 18.808603871167364
33.88537534870917 17.51341108064328
71.66281273425145 29.26266088879129
90.36071071956412 80.88590873864798
20.699276293654755 64.45502791617544
81.88021202545205 78.77973674881446
16.204628246278453 33.60234430811562
51.466289424978605 84.44007870834295
23.513488063570854 76.18913050163417
83.19450503412395 78.35655547403229
75.89735427370766 43.440708864831265
46.28698028528705 25.916916484397035
40.41746086189776 64.94409199756937
58.50061146503644 75.7937119360369
37.15603108958121 68.6815713000235
94.42355351012537 38.78379167770547
65.22252791228796 56.43322716475577
51.89098107531931 54.57437779724328
53.09165707348602 23.320906635126125
55.45385790687575 4.788375984896442
43.11505768882276 50.20768773191917
19.682118634805835 84.66550052956049
40.458751636758315 90.73319769968155
17.056230140575202 2.8646758311257847
5.253563531307403 20.956615073122652
95.29887303963261 39.12709574641941
43.40592409485572 18.89553621438136
67.22105328780864 52.9182351654522
56.30159875346644 93.69033891061048
52.50465177309693 2.670993587046988
42.54501623966232 89.69007079586724
85.31606419545146 4.88109008483113
5.912086394397997 49.44725410369885
14.243232681533069 35.059679874876146
12.854497005614185 31.42548255892008
11.771051250907306 48.4271437620292
60.17866757106517 43.16501838764455
79.35775301829894 77.23584036195487
58.9326941187462 68.71805164502021
81.14756070115807 43.73855154913575
14.069733228402292 40.3566651251199
64.45253803787972 13.073258466998661
81.11651802574748 28.872975236339137
28.359235990936014 98.71376759563823
10.860734420685281 4.232286600212132
83.16336622953516 24.63965917273051
50.98127565811369 48.90656967454539
2.8084224134382607 43.007861479189415
59.5804158041762 89.90689309344604
10.101801435000812 3.8621547055589955
99.73722560319294 52.349943482736705
50.204642917442236 74.29573309123319
26.48659355172337 27.33507272036807
1.7392433289080467 8.485894348993417
48.03847894273618 89.9748044572618
46.830604931390326 77.14885886253306
41.58708735159832 99.6130922899193
71.49627062707879 75.21655240716294
30.719878704297432 63.58201221465984
96.02131946138648 39.91618490478315
86.22145079805067 48.28905596949673
41.302967989436866 27.937284236986738
94.97748528289439 76.99348497124245
21.62200200942769 19.999797918171215
52.71912399196557 62.32172997543407
16.895781925427666 43.89077020925897
75.50829258263619 83.38811887920427
18.19033433363888 32.915993166364345
92.14961615125969 32.32869850457486
59.11661678525556 65.71696485120883
75.12479105985793 23.12231156045148
42.70876032212478 65.53236515338021
91.1803532252714 76.76442559805682
48.47971688988889 72.23718816713452
4.360013593339929 71.17574145651162
57.57239425714881 38.87156042038183
44.057831840393725 71.66888889803825
65.27202576657427 45.87518905565854
58.57869004890554 38.36301028193362
59.618205055497775 70.87229350994329
10.72767210289628 40.62739649633009
32.452597600074476 99.60577386177775
36.11011293636327 95.45177561262518
54.961086799239546 14.498269241114292
77.10922176205595 86.58220440689094
93.61670790794606 51.3216784110293
25.91837951416396 14.328014424149272
64.40241134244842 71.58562798905041
58.540322885993554 72.13656001725136
23.29030188000597 58.50924601656553
18.32559858363578 45.349015554162484
69.17675898978241 7.819544446549809
12.407868966420754 79.99181512785705
91.8203700208329 51.12359651198138
17.303699761019608 75.02475904035232
31.802374603713645 19.230600286553678
50.97977627068106 10.158219778294452
32.12690816190394 25.553858486442373
57.85047295724433 33.1682721124176
51.8010175691473 25.601553007312493
70.4540085331603 95.58000396154269
80.5820715987801 87.56914306943399
56.965473618491 43.65561457404259
41.05283269344303 91.17513702549441
37.24024527683794 42.81541430457039
89.2821498725605 57.135820265809635
51.74138643975637 37.93610943044124
28.551838199942626 98.05351259341566
97.4898634044344 29.412303130666505
31.977996537935084 72.99678736432902
3.0865047111481525 75.43343498957702
29.32768993051399 22.67998742979831
0.8898201147523044 14.619873651888494
50.929518830371855 59.90331351716386
68.5939396158068 39.97821440920236
37.29932015038974 90.79364079633805
54.736086667098846 45.07727630962276
16.949869770406888 46.390103074905085
73.07317268076025 6.412730093694408
26.826088464126595 11.247475654545813
49.302236695606375 62.11959519158952
99.90497369460559 45.9841789108838
30.25960220745145 96.50837581603085
72.72206633276387 14.080718949391057
20.518840831512787 42.341912837764625
71.93397485204096 39.73825588648824
94.2176752765615 68.3364776941729
23.499084505368405 43.23589192892001
40.97925866923171 28.062054203369346
90.65628252416678 22.979181104373247
43.95325987915828 8.233111053302721
87.60416261986998 79.3112876827123
55.287492500261095 29.322633271349353
34.630804542105786 4.162095455025206
29.750870375477433 19.498540577891433
17.416954011665375 92.73948004352333
0.7636901254698625 4.073039590338978
88.33299274034053 68.72092812130747
34.751370285984805 26.971896628942293
0.7728138090235426 52.78246154689863
79.52294701370809 48.17195917326769
98.91535108041391 45.805871840927104
30.28577232155004 41.62172481614004
94.77714049010585 42.73408302188161
72.9430211943126 51.85111099103017
52.017009867059414 40.79841110337058
28.48077381348334 54.29303287612145
61.67658780476293 56.720370900917004
14.536589544769551 4.280759968764524
38.88799965403248 21.494602490255353
60.6516467052072 52.751451830030895
91.55280245132823 78.48838811654898
62.243678977673525 52.87767952352112
12.093831987353642 70.84715921907747
34.998100149747344 81.16514068698221
21.60428366651227 67.57423180935159
36.15986617051601 48.996164038943824
52.06605858119575 44.15702643331498
52.118750521034166 86.16506582269373
86.78200596251394 3.2408121080067853
12.715923300868193 36.64272184743687
91.76437211570033 93.60502388578344
81.85981911837278 18.624265673466457
61.54443320694982 61.576034263232046
91.3244773534589 65.85507668258708
71.7159195068974 48.01421499105481
30.013681196202292 85.29675050122356
77.497528771873 26.142003809556734
74.50935822653847 37.38610295690847
22.697436286555515 60.73360348075234
48.38290373483785 69.45662626309765
26.685419004746215 57.56586884101077
27.533214379900162 10.333314632040235
98.32582451336243 63.533795030848836
66.72536652705143 64.67809606657401
85.29729612118987 72.46297048373071
8.539067526659771 29.35454123210368
4.822807440178933 89.4052601125095
50.09613305344952 90.89696922186987
17.556225968008164 7.08285679196019
85.22139777715194 53.11039661124619
0.2192766532439494 52.14978849694943
10.101660506097243 86.89426059204185
44.55544452113935 66.06884381643671
79.04238230826984 90.57419563276139
60.26496863336387 95.65579625276261
23.58199978712766 98.34256762197266
87.80780931209222 81.7217245201835
3.0089571977034657 76.849917665291
33.30906931862838 50.74809578276018
37.23658601765677 5.555783159813055
22.273999333268936 34.15824745087955
84.02625769611912 45.13885938751072
31.417432047459982 62.50273683965257
61.70926516833659 60.082829216855515
98.6350960881238 7.754997882322789
85.84313265376781 76.49558400244408
29.991935190907704 75.9175894173161
83.6481804436666 24.286000326796973
19.575189255448244 84.26830705945007
73.60529955043619 34.01381009786474
73.157716261998 92.82923398866933
49.25611858285437 33.04453981054743
79.83960163577031 98.0208110835581
86.03180380773063 13.0828539594539
7.183822967156961 37.96683967265446
97.84698515788713 21.724106897941407
4.834382064565612 3.5452798567823796
6.230394281150298 64.35525441706977
89.20293677618777 97.03360995745214
48.92397848422492 89.55272001454838
47.53267958671938 31.076359229161945
47.167428692049604 71.066205206667
43.49580856853984 14.706460916205867
71.29514985122832 92.54383045964846
28.453636401065697 30.280816219966834
92.80796783560332 87.34541871281645
62.60600903323139 65.44451675779057
87.7419085118607 85.10712891990502
28.479397223224133 27.61696100399632
60.941629856565896 69.16204085895694
75.55061922405837 34.997088393959906
93.75616435418421 54.487730849161956
69.27589716247631 47.71382286853775
78.70988503562172 54.54325516643216
30.39250641576117 75.50172061046464
93.8616614787832 17.174357315000123
41.08302501584402 74.16074563605557
86.85038547491763 74.70719202415437
63.43978458575005 22.062974268534784
84.03520827062127 71.41712679510056
62.63979799807955 50.09798646382281
13.673952756103958 2.7507685239611113
52.33811137258297 83.70252092867928
33.74334601359461 24.995590170268066
83.01016641741376 43.99898277050649
84.78986489813309 71.53308160902876
75.32141562039044 46.57121557813777
46.110145990068816 42.37765047419478
60.075092511410844 31.034888337254706
59.595058982619506 17.39498659593206
23.886714065963766 52.31376732224774
99.73172405231942 80.40995270815979
75.45649885597581 65.41201278591633
10.542870657442283 31.355484562771174
41.158612022759144 39.476593999848966
0.6531201398538355 6.6804188083568805
70.63872832668922 44.07277367757981
86.20694104249742 24.425533527620335
83.20913097231488 60.8495439129239
98.02313247459341 19.693507858640224
14.053150513592428 87.15081853086184
24.15591597357136 38.679927026287075
25.598486974598455 14.632057964608746
41.94278892562164 14.998847579115694
33.89151410028861 85.57091482726132
4.654561402720225 60.727840857532925
62.402435240632435 52.314438259438525
87.02301770832919 66.41387157260587
76.41369426458576 91.18422432481644
61.206923616416674 19.222704270731782
69.99181893501932 51.1648180666446
70.16718426344278 16.48105993064273
74.51543982695328 49.82963201801176
88.95713946339737 73.05198220801353
32.829933826423705 64.21246716287148
16.09411385023862 95.30044375804809
36.32176994907693 2.7117006166316293
16.963557290969366 21.847530091275512
53.55333716787729 85.61807141355669
49.117189958447916 11.877955571536546
88.5716109526799 6.485914175984342
35.36176558607011 95.45712490244506
94.6017474426939 94.32159453230867